<?xml version="1.0"?>
<opencv_storage>
<Camera_Matrix type_id="opencv-matrix">
  <rows>3</rows>
  <cols>3</cols>
  <dt>d</dt>
  <data>
    1.2809388614545373e+003 0. 6.4341097982945678e+002 0.
    1.2819719629942324e+003 3.3697947759806908e+002 0. 0. 1.</data></Camera_Matrix>
<Distortion_Coefficients type_id="opencv-matrix">
  <rows>5</rows>
  <cols>1</cols>
  <dt>d</dt>
  <data>
    2.8765074174052102e-001 -1.5556809186614109e+000
    -2.6274086855471138e-003 -3.3801964190330802e-004
    3.3781725787656396e+000</data></Distortion_Coefficients>
<Camera_Resolution>
  <Width>1280</Width>
  <Height>720</Height></Camera_Resolution>
</opencv_storage>
